('Dst:   ', array([[[167, 167, 167],
        [178, 178, 178],
        [178, 178, 178],
        ...,
        [178, 178, 178],
        [178, 178, 178],
        [178, 178, 178]],

       [[178, 178, 178],
        [178, 178, 178],
        [178, 178, 178],
        ...,
        [178, 178, 178],
        [178, 178, 178],
        [178, 178, 178]],

       [[178, 178, 178],
        [178, 178, 178],
        [178, 178, 178],
        ...,
        [178, 178, 178],
        [178, 178, 178],
        [178, 178, 178]],

       ...,

       [[ 80,  80,  80],
        [ 80,  80,  80],
        [ 80,  80,  80],
        ...,
        [155, 155, 155],
        [155, 155, 155],
        [155, 155, 155]],

       [[ 78,  78,  78],
        [ 80,  80,  80],
        [ 80,  80,  80],
        ...,
        [155, 155, 155],
        [155, 155, 155],
        [155, 155, 155]],

       [[ 65,  65,  65],
        [ 80,  80,  80],
        [ 80,  80,  80],
        ...,
        [155, 155, 155],
        [155, 155, 155],
        [155, 155, 155]]], dtype=uint8))
('Ret:   ', 0.07244703133757267)
('mtx:   ', array([  [555.66493124,   0.        , 319.30727507],
                     [  0.        , 555.53295629, 239.24593941],
                     [  0.        ,   0.        ,   1.        ]]))
('dist:  ', array(
       [
              [ 1.33723618e-02,   -1.63766213e-01,  
                8.28962049e-05,    3.69932974e-05,
                6.35559207e-01]]))
('rvecs: ', [ array([[ 0.00648879], [-0.16378393],[-0.00064647]]),
              array([[0.05057723],  [0.52502428], [1.44324369]]),
              array([[-0.44279448], [-0.19463219],[ 0.0149882 ]]),
              array([[-0.19876316], [ 0.38368806],[ 1.30824018]]), 
              array([[0.05075502],  [0.52501931], [1.44327015]]), 
              array([[-0.19833791], [ 0.38373281],[ 1.30834702]]),
              array([[-0.19841606], [ 0.38353193],[ 1.30826788]])])

('tvecs: ', [array([[-4.68746621],
       [-3.46688348],
       [16.72421098]]), array([[-0.92508581],
       [-5.02309369],
       [20.38500409]]), array([[-6.88291809],
       [-4.88162709],
       [21.63848637]]), array([[-2.07761716],
       [-5.46348485],
       [21.99562859]]), array([[-0.92400038],
       [-5.02257052],
       [20.38490912]]), array([[-2.08279821],
       [-5.4632806 ],
       [21.99558818]]), array([[-2.08254352],
       [-5.46387356],
       [21.99662204]])])
